   0.06370 0.05100   0.00020 
   0.06371 0.05101   0.00020 
   0.06372 0.05101   0.00020 
   0.06373 0.05102   0.00020 
   0.06374 0.05102   0.00020 
   0.06374 0.05103   0.00020 
   0.06375 0.05103   0.00020 
   0.06376 0.05104   0.00020 
   0.06376 0.05104   0.00020 
   0.06377 0.05104   0.00020 
   0.06377 0.05105   0.00020 
   0.06378 0.05105   0.00020 
   0.06378 0.05105   0.00020 
   0.06378 0.05105   0.00020 
   0.06378 0.05106   0.00020 
   0.06379 0.05106   0.00020 
   0.06379 0.05106   0.00020 
   0.06379 0.05106   0.00020 
   0.06379 0.05106   0.00020 
   0.06379 0.05106   0.00020 
   0.06379 0.05106   0.00020 
   0.06378 0.05106   0.00020 
   0.06378 0.05106   0.00020 
   0.06378 0.05105   0.00020 
   0.06378 0.05105   0.00020 
   0.06377 0.05105   0.00020 
   0.06377 0.05105   0.00020 
   0.06376 0.05104   0.00020 
   0.06376 0.05104   0.00020 
   0.06375 0.05104   0.00020 
   0.06375 0.05103   0.00020 
   0.06374 0.05103   0.00020 
   0.06373 0.05102   0.00020 
   0.06372 0.05102   0.00020 
   0.06371 0.05101   0.00020 
   0.06370 0.05100   0.00020 
   0.06369 0.05100   0.00020 
   0.06368 0.05099   0.00020 
   0.06367 0.05098   0.00020 
   0.06366 0.05097   0.00020 
   0.06365 0.05097   0.00020 
   0.06364 0.05096   0.00020 
   0.06362 0.05095   0.00020 
   0.06361 0.05094   0.00020 
   0.06359 0.05093   0.00020 
   0.06358 0.05092   0.00020 
   0.06356 0.05091   0.00020 
   0.06355 0.05090   0.00020 
   0.06353 0.05089   0.00020 
   0.06351 0.05088   0.00020 
   0.06350 0.05086   0.00020 
   0.06348 0.05085   0.00020 
   0.06346 0.05084   0.00020 
   0.06344 0.05083   0.00020 
   0.06342 0.05081   0.00020 
   0.06340 0.05080   0.00020 
   0.06338 0.05078   0.00020 
   0.06336 0.05077   0.00020 
   0.06333 0.05075   0.00020 
   0.06331 0.05074   0.00020 
   0.06329 0.05072   0.00020 
   0.06326 0.05071   0.00020 
   0.06324 0.05069   0.00020 
   0.06321 0.05067   0.00020 
   0.06319 0.05066   0.00020 
   0.06316 0.05064   0.00020 
   0.06314 0.05062   0.00020 
   0.06311 0.05060   0.00020 
   0.06308 0.05058   0.00020 
   0.06305 0.05056   0.00020 
   0.06302 0.05055   0.00020 
   0.06299 0.05053   0.00020 
   0.06296 0.05051   0.00020 
   0.06293 0.05048   0.00020 
   0.06290 0.05046   0.00020 
   0.06287 0.05044   0.00020 
   0.06284 0.05042   0.00020 
   0.06280 0.05040   0.00020 
   0.06277 0.05038   0.00020 
   0.06274 0.05035   0.00020 
   0.06270 0.05033   0.00020 
   0.06267 0.05031   0.00020 
   0.06263 0.05028   0.00020 
   0.06260 0.05026   0.00020 
   0.06256 0.05023   0.00020 
   0.06252 0.05021   0.00020 
   0.06248 0.05018   0.00020 
   0.06244 0.05016   0.00020 
   0.06241 0.05013   0.00020 
   0.06237 0.05010   0.00020 
   0.06233 0.05008   0.00020 
   0.06229 0.05005   0.00020 
   0.06224 0.05002   0.00020 
   0.06220 0.04999   0.00020 
   0.06216 0.04997   0.00020 
   0.06212 0.04994   0.00020 
   0.06207 0.04991   0.00020 
   0.06203 0.04988   0.00020 
   0.06198 0.04985   0.00020 
   0.06194 0.04982   0.00020 
   0.06189 0.04979   0.00020 
   0.06185 0.04976   0.00020 
   0.06180 0.04972   0.00020 
   0.06175 0.04969   0.00020 
   0.06170 0.04966   0.00020 
   0.06166 0.04963   0.00020 
   0.06161 0.04959   0.00020 
   0.06156 0.04956   0.00020 
   0.06151 0.04953   0.00020 
   0.06146 0.04949   0.00020 
   0.06140 0.04946   0.00020 
   0.06135 0.04942   0.00020 
   0.06130 0.04939   0.00020 
   0.06125 0.04935   0.00020 
   0.06119 0.04932   0.00020 
   0.06114 0.04928   0.00020 
   0.06108 0.04924   0.00020 
   0.06103 0.04921   0.00020 
   0.06097 0.04917   0.00020 
   0.06092 0.04913   0.00020 
   0.06086 0.04909   0.00020 
   0.06080 0.04905   0.00020 
   0.06074 0.04901   0.00020 
   0.06069 0.04898   0.00020 
   0.06063 0.04894   0.00020 
   0.06057 0.04890   0.00020 
   0.06051 0.04885   0.00020 
   0.06045 0.04881   0.00020 
   0.06038 0.04877   0.00020 
   0.06032 0.04873   0.00020 
   0.06026 0.04869   0.00020 
   0.06020 0.04865   0.00020 
   0.06013 0.04860   0.00020 
   0.06007 0.04856   0.00020 
   0.06000 0.04852   0.00020 
   0.05994 0.04847   0.00020 
   0.05987 0.04843   0.00020 
   0.05981 0.04838   0.00020 
   0.05974 0.04834   0.00020 
   0.05967 0.04829   0.00020 
   0.05960 0.04825   0.00020 
   0.05953 0.04820   0.00020 
   0.05947 0.04816   0.00020 
   0.05940 0.04811   0.00020 
   0.05933 0.04806   0.00020 
   0.05925 0.04801   0.00020 
   0.05918 0.04797   0.00020 
   0.05911 0.04792   0.00020 
   0.05904 0.04787   0.00020 
   0.05896 0.04782   0.00020 
   0.05889 0.04777   0.00020 
   0.05882 0.04772   0.00020 
   0.05874 0.04767   0.00020 
   0.05867 0.04762   0.00020 
   0.05859 0.04757   0.00020 
   0.05851 0.04752   0.00020 
   0.05844 0.04746   0.00020 
   0.05836 0.04741   0.00020 
   0.05828 0.04736   0.00020 
   0.05820 0.04731   0.00020 
   0.05812 0.04725   0.00020 
   0.05804 0.04720   0.00020 
   0.05796 0.04715   0.00020 
   0.05788 0.04709   0.00020 
   0.05780 0.04704   0.00020 
   0.05772 0.04698   0.00020 
   0.05763 0.04693   0.00020 
   0.05755 0.04687   0.00020 
   0.05747 0.04681   0.00020 
   0.05738 0.04676   0.00020 
   0.05730 0.04670   0.00020 
   0.05721 0.04664   0.00020 
   0.05713 0.04658   0.00020 
   0.05704 0.04653   0.00020 
   0.05695 0.04647   0.00020 
   0.05687 0.04641   0.00020 
   0.05678 0.04635   0.00020 
   0.05669 0.04629   0.00020 
   0.05660 0.04623   0.00020 
   0.05651 0.04617   0.00020 
   0.05642 0.04611   0.00020 
   0.05633 0.04605   0.00020 
   0.05624 0.04598   0.00020 
   0.05614 0.04592   0.00020 
   0.05605 0.04586   0.00020 
   0.05596 0.04580   0.00020 
   0.05586 0.04573   0.00020 
   0.05577 0.04567   0.00020 
   0.05567 0.04561   0.00020 
   0.05558 0.04554   0.00020 
   0.05548 0.04548   0.00020 
   0.05538 0.04541   0.00020 
   0.05529 0.04535   0.00020 
   0.05519 0.04528   0.00020 
   0.05509 0.04522   0.00020 
   0.05499 0.04515   0.00020 
   0.05489 0.04508   0.00020 
   0.05479 0.04502   0.00020 
   0.05469 0.04495   0.00020 
   0.05459 0.04488   0.00020 
   0.05449 0.04481   0.00020 
   0.05439 0.04474   0.00020 
   0.05428 0.04467   0.00020 
   0.05418 0.04460   0.00020 
   0.05408 0.04453   0.00020 
   0.05397 0.04446   0.00020 
   0.05387 0.04439   0.00020 
   0.05376 0.04432   0.00020 
   0.05366 0.04425   0.00020 
   0.05355 0.04418   0.00020 
   0.05344 0.04411   0.00020 
   0.05333 0.04404   0.00020 
   0.05322 0.04396   0.00020 
   0.05312 0.04389   0.00020 
   0.05301 0.04382   0.00020 
   0.05290 0.04374   0.00020 
   0.05279 0.04367   0.00020 
   0.05267 0.04359   0.00020 
   0.05256 0.04352   0.00020 
   0.05245 0.04344   0.00020 
   0.05234 0.04337   0.00020 
   0.05222 0.04329   0.00020 
   0.05211 0.04321   0.00020 
   0.05199 0.04314   0.00020 
   0.05188 0.04306   0.00020 
   0.05176 0.04298   0.00020 
   0.05165 0.04290   0.00020 
   0.05153 0.04282   0.00020 
   0.05141 0.04275   0.00020 
   0.05130 0.04267   0.00020 
   0.05118 0.04259   0.00020 
   0.05106 0.04251   0.00020 
   0.05094 0.04243   0.00020 
   0.05082 0.04235   0.00020 
   0.05070 0.04226   0.00020 
   0.05058 0.04218   0.00020 
   0.05045 0.04210   0.00020 
   0.05033 0.04202   0.00020 
   0.05021 0.04194   0.00020 
   0.05008 0.04185   0.00020 
   0.04996 0.04177   0.00020 
   0.04984 0.04169   0.00020 
   0.04971 0.04160   0.00020 
   0.04958 0.04152   0.00020 
   0.04946 0.04143   0.00020 
   0.04933 0.04135   0.00020 
   0.04920 0.04126   0.00020 
   0.04908 0.04117   0.00020 
   0.04895 0.04109   0.00020 
   0.04882 0.04100   0.00020 
   0.04869 0.04091   0.00020 
   0.04856 0.04083   0.00020 
   0.04843 0.04074   0.00020 
   0.04830 0.04065   0.00020 
   0.04816 0.04056   0.00020 
   0.04803 0.04047   0.00020 
   0.04790 0.04038   0.00020 
   0.04776 0.04029   0.00020 
   0.04763 0.04020   0.00020 
   0.04750 0.04011   0.00020 
   0.04736 0.04002   0.00020 
   0.04722 0.03993   0.00020 
   0.04709 0.03984   0.00020 
   0.04695 0.03975   0.00020 
   0.04681 0.03965   0.00020 
   0.04667 0.03956   0.00020 
   0.04654 0.03947   0.00020 
   0.04640 0.03938   0.00020 
   0.04626 0.03928   0.00020 
   0.04612 0.03919   0.00020 
   0.04598 0.03909   0.00020 
   0.04583 0.03900   0.00020 
   0.04569 0.03890   0.00020 
   0.04555 0.03881   0.00020 
   0.04541 0.03871   0.00020 
   0.04526 0.03861   0.00020 
   0.04512 0.03852   0.00020 
   0.04497 0.03842   0.00020 
   0.04483 0.03832   0.00020 
   0.04468 0.03822   0.00020 
   0.04454 0.03812   0.00020 
   0.04439 0.03803   0.00020 
   0.04424 0.03793   0.00020 
   0.04409 0.03783   0.00020 
   0.04394 0.03773   0.00020 
   0.04379 0.03763   0.00020 
   0.04364 0.03753   0.00020 
   0.04349 0.03743   0.00020 
   0.04334 0.03732   0.00020 
   0.04319 0.03722   0.00020 
   0.04304 0.03712   0.00020 
   0.04289 0.03702   0.00020 
   0.04273 0.03691   0.00020 
   0.04258 0.03681   0.00020 
   0.04243 0.03671   0.00020 
   0.04227 0.03660   0.00020 
   0.04212 0.03650   0.00020 
   0.04196 0.03639   0.00020 
   0.04180 0.03629   0.00020 
   0.04165 0.03618   0.00020 
   0.04149 0.03608   0.00020 
   0.04133 0.03597   0.00020 
   0.04117 0.03586   0.00020 
   0.04101 0.03576   0.00020 
   0.04085 0.03565   0.00020 
   0.04069 0.03554   0.00020 
   0.04053 0.03543   0.00020 
   0.04037 0.03532   0.00020 
   0.04021 0.03522   0.00020 
   0.04004 0.03511   0.00020 
   0.03988 0.03500   0.00020 
   0.03972 0.03489   0.00020 
   0.03955 0.03478   0.00020 
   0.03939 0.03467   0.00020 
   0.03922 0.03455   0.00020 
   0.03905 0.03444   0.00020 
   0.03889 0.03433   0.00020 
   0.03872 0.03422   0.00020 
   0.03855 0.03411   0.00020 
   0.03838 0.03399   0.00020 
   0.03822 0.03388   0.00020 
   0.03805 0.03376   0.00020 
   0.03788 0.03365   0.00020 
   0.03771 0.03354   0.00020 
   0.03753 0.03342   0.00020 
   0.03736 0.03331   0.00020 
   0.03719 0.03319   0.00020 
   0.03702 0.03307   0.00020 
   0.03684 0.03296   0.00020 
   0.03667 0.03284   0.00020 
   0.03650 0.03272   0.00020 
   0.03632 0.03261   0.00020 
   0.03614 0.03249   0.00020 
   0.03597 0.03237   0.00020 
   0.03579 0.03225   0.00020 
   0.03561 0.03213   0.00020 
   0.03544 0.03201   0.00020 
   0.03526 0.03189   0.00020 
   0.03508 0.03177   0.00020 
   0.03490 0.03165   0.00020 
   0.03472 0.03153   0.00020 
   0.03454 0.03141   0.00020 
   0.03436 0.03129   0.00020 
   0.03418 0.03116   0.00020 
   0.03399 0.03104   0.00020 
   0.03381 0.03092   0.00020 
   0.03363 0.03080   0.00020 
   0.03344 0.03067   0.00020 
   0.03326 0.03055   0.00020 
   0.03307 0.03042   0.00020 
   0.03289 0.03030   0.00020 
   0.03270 0.03017   0.00020 
   0.03251 0.03005   0.00020 
   0.03233 0.02992   0.00020 
   0.03214 0.02980   0.00020 
   0.03195 0.02967   0.00020 
   0.03176 0.02954   0.00020 
   0.03157 0.02942   0.00020 
   0.03138 0.02929   0.00020 
   0.03119 0.02916   0.00020 
   0.03100 0.02903   0.00020 
   0.03081 0.02890   0.00020 
   0.03062 0.02877   0.00020 
   0.03042 0.02864   0.00020 
   0.03023 0.02851   0.00020 
   0.03003 0.02838   0.00020 
   0.02984 0.02825   0.00020 
   0.02964 0.02812   0.00020 
   0.02945 0.02799   0.00020 
   0.02925 0.02786   0.00020 
   0.02906 0.02772   0.00020 
   0.02886 0.02759   0.00020 
   0.02866 0.02746   0.00020 
   0.02846 0.02733   0.00020 
   0.02826 0.02719   0.00020 
   0.02806 0.02706   0.00020 
   0.02786 0.02692   0.00020 
   0.02766 0.02679   0.00020 
   0.02746 0.02665   0.00020 
   0.02726 0.02652   0.00020 
   0.02706 0.02638   0.00020 
   0.02685 0.02624   0.00020 
   0.02665 0.02611   0.00020 
   0.02644 0.02597   0.00020 
   0.02624 0.02583   0.00020 
   0.02603 0.02570   0.00020 
   0.02583 0.02556   0.00020 
   0.02562 0.02542   0.00020 
   0.02542 0.02528   0.00020 
   0.02521 0.02514   0.00020 
